T <- 20
t0 <- 0
theta <- 0.15
ts <- 
c(1, 2, 3, 4, 5, 6, 7, 8, 9, 10, 11, 12, 13, 14, 15, 16, 17, 18, 19, 20)
y_hat <- 
structure(c(0.500179, -0.462659, -1.30589, -0.883107, 0.547535, 1.56928,
1.23273, -0.358595, -1.81868, -1.59491, 0.103525, 2.07698, 2.56777, 0.17917,
-2.30885, -3.1126, -0.841974, 2.69496, 4.08662, 1.74599, -1.02637, -0.864707,
-0.205613, 1.17435, 1.37932, 0.327154, -0.836431, -1.83112, -0.781791, 1.16195,
2.43129, 1.28137, -1.06702, -2.91798, -2.10696, 0.932705, 3.30711, 2.868,
-0.373506, -3.8985),
.Dim = c(20, 2))
y0 <- 
c(1, 0)
