T <- 20
t0 <- 0
theta <- -0.15
ts <- 
c(1, 2, 3, 4, 5, 6, 7, 8, 9, 10, 11, 12, 13, 14, 15, 16, 17, 18, 19, 20)
y_hat <- 
structure(c(0.617979, -0.365649, -0.816086, -0.513888, 0.0250277, 0.618301,
0.307184, 0.0610513, -0.415887, -0.386049, 0.0257084, 0.368119, 0.445961,
0.141085, -0.143833, -0.321638, -0.209449, 0.243388, 0.324905, -0.0382953,
-0.773039, -0.608271, 0.0815231, 0.44686, 0.541102, 0.209472, -0.419926,
-0.609051, -0.28225, 0.29107, 0.358185, 0.223183, -0.162348, -0.4618,
-0.0397883, 0.11546, 0.446885, 0.252464, -0.0585741, -0.129213),
.Dim = c(20, 2))
y0 <- 
c(1, 0)
