T <- 20
t0 <- 0
ts <- 
c(1, 2, 3, 4, 5, 6, 7, 8, 9, 10, 11, 12, 13, 14, 15, 16, 17, 18, 19, 20)
y_hat <- 
structure(c(0.472897, -0.767963, -1.29949, -0.655155, 0.561386, 1.5088, 1.36806,
-0.323264, -1.7402, -1.50764, 0.23506, 2.15517, 2.42426, 0.130708, -2.51367,
-3.04353, -0.876034, 2.558, 4.13551, 1.89151, -0.99251, -1.22878, -0.12566,
0.987787, 1.44001, 0.36155, -0.933473, -1.92847, -0.832762, 1.14236, 2.15944,
1.30965, -0.917419, -2.70229, -2.18762, 0.793252, 3.47857, 3.13886, -0.224218,
-4.01414),
.Dim = c(20, 2))
y0 <- 
c(1, 0)
