N <- 10
T <- 20
t0 <- 0
ts <- 
c(1, 2, 3, 4, 5, 6, 7, 8, 9, 10, 11, 12, 13, 14, 15, 16, 17, 18, 19, 20)
y_hat <- 
structure(c(0.536148, 0.562217, 0.488734, 0.474665, 0.540319, 0.590281,
0.578097, 0.521932, 0.538508, 0.625182, -0.428062, -0.194591, -0.285493,
-0.433321, -0.298562, -0.260473, -0.167557, -0.317302, -0.405963, -0.307316,
-0.797937, -0.794317, -0.692498, -0.727837, -0.633363, -0.871009, -0.582299,
-0.673713, -0.891146, -0.682822, -0.481138, -0.556293, -0.711839, -0.61615,
-0.320468, -0.371392, -0.321114, -0.557838, -0.355666, -0.582154, 0.102636,
0.0640314, 0.257466, 0.135655, 0.101604, 0.00337305, -0.070947, 0.230039,
0.0134985, 0.0619241, 0.438785, 0.575873, 0.96822, 0.719451, 0.387202, 0.789681,
0.519951, 0.49698, 0.465736, 0.448878, 0.381901, 0.549897, 0.751498, 0.738026,
0.307276, 0.670068, 0.26038, 0.285743, 0.48264, 0.294206, 0.0319992, 0.161413,
-0.123435, 0.264436, 0.131205, -0.0125667, -0.0862675, -0.0328057, -0.103466,
0.205583, -0.176161, -0.337334, -0.806589, -0.647244, -0.304527, -0.484738,
-0.140263, -0.492081, -0.443202, -0.348647, -0.0784735, -0.270936, -0.830068,
-0.471153, -0.0350707, -0.565769, -0.182582, -0.256767, -0.446239, -0.269825,
-0.120574, -0.216722, 0.0864247, -0.173988, 0.0839994, 0.0565365, -0.0788679,
0.08652, 0.0387254, -0.149886, -0.00230745, 0.35739, 0.782734, 0.588503,
0.175876, 0.524546, 0.0890591, 0.115279, 0.264919, 0.197529, 0.282121, 0.339091,
0.66157, 0.560101, 0.111122, 0.618986, 0.213211, 0.394247, 0.370819, 0.252835,
0.107684, 0.108397, 0.042399, 0.0792171, 0.124991, 0.129904, -0.00367892,
0.171787, -0.0468414, 0.317456, -0.253576, -0.371139, -0.671405, -0.286342,
-0.0857422, -0.340315, -0.146258, -0.355785, -0.409952, -0.0963217, -0.250645,
-0.237291, -0.776958, -0.330793, 0.0398108, -0.550941, -0.0426056, -0.1034,
-0.414438, -0.128012, -0.0073754, -0.197265, -0.198898, -0.34021, -0.210384,
0.0322353, 0.0446625, -0.0914106, -0.165708, -0.225402, 0.0775995, 0.0105971,
0.564428, 0.0909103, 0.00912717, 0.218936, 0.0311373, 0.154026, 0.129111,
0.0402337, 0.152321, 0.145877, 0.864278, 0.318396, 0.204296, 0.31868, 0.13537,
0.249944, 0.273601, 0.240719, -0.0611688, 0.0445464, 0.32703, 0.188654,
-0.0154886, 0.203762, -0.0885186, 0.124102, 0.229202, 0.0653893, -0.787154,
-0.915197, -0.802003, -0.713564, -0.832, -0.73486, -0.701856, -0.785114,
-0.858453, -0.941049, -0.785145, -0.671854, -0.880307, -0.943472, -0.728922,
-0.829956, -0.699857, -0.756344, -0.698416, -0.721191, -0.0241728, -0.218748,
-0.0862221, -0.0441964, -0.0890177, 0.000601471, -0.347892, -0.240028,
-0.328012, -0.190954, 0.536232, 0.478086, 0.849041, 0.511341, 0.366106,
0.443122, 0.476919, 0.537939, 0.613136, 0.500757, 0.431561, 0.564611, 1.06012,
0.555682, 0.362319, 0.602608, 0.404102, 0.580464, 0.579567, 0.453419, 0.240224,
0.158509, 0.462282, 0.271027, 0.186429, 0.187522, 0.169915, 0.154639, 0.279713,
0.214642, -0.222321, -0.276095, -0.623628, -0.670052, -0.261603, -0.534716,
-0.223067, -0.486156, -0.353992, -0.263175, -0.413579, -0.726783, -0.917884,
-0.62629, -0.293659, -0.74621, -0.336603, -0.576074, -0.571491, -0.423634,
-0.255966, -0.0848527, -0.316273, -0.119818, -0.0741842, -0.200217, -0.205927,
-0.18437, -0.15314, -0.20549, 0.124243, 0.459631, 0.398101, 0.378131, 0.207363,
0.320901, 0.0619381, 0.34883, 0.453072, 0.194345, 0.280031, 0.423172, 1.01606,
0.584766, 0.285371, 0.46393, 0.136899, 0.583122, 0.323598, 0.327097, 0.158838,
0.155491, 0.467957, 0.211637, 0.135525, 0.507535, 0.184105, 0.187183, 0.113849,
0.110647, -0.168229, -0.0734415, -0.353228, -0.123273, -0.00448562, -0.398772,
-0.049358, -0.264908, -0.1505, -0.0998443, -0.263855, -0.593434, -0.781181,
-0.410051, -0.0311275, -0.505592, -0.190084, -0.475863, -0.400601, -0.249769,
-0.000904973, -0.394573, -0.496567, -0.30138, -0.0480509, -0.333577, -0.0701771,
-0.0718076, -0.330397, -0.163611, 0.0543523, 0.214431, 0.177174, 0.158726,
-0.0846325, 0.0614347, -0.172536, 0.00781543, 0.199764, -0.0501529, 0.309887,
0.163153, 0.815733, 0.331787, 0.0991207, 0.335379, 0.00539535, -0.0515595,
0.369211, 0.03527, 0.0123479, 0.0338612, 0.511883, 0.265036, 0.135911, 0.31706,
0.0501802, 0.209751, 0.23424, 0.242881, -0.152354, 0.0607405, -0.0349228,
-0.0697002, -0.127205, -0.0425459, -0.0807554, -0.0256516, -0.130812, 0.0587988,
-0.104411, -0.102486, -0.800049, -0.151286, -0.136635, -0.224448, -0.256833,
-0.177438, -0.17415, -0.135057),
.Dim = c(10, 20, 2))
y0 <- 
structure(c(1, 1, 1, 1, 1, 1, 1, 1, 1, 1, 0, 0, 0, 0, 0, 0, 0, 0, 0, 0),
.Dim = c(10, 2))
